1 6 0 0 98 0
1 2 0 0 76 0
29 100 187.2 28.08 43.8924 1
1 1 0 10000 44 1
1 2 0 0 103.75 0
1 2 0 0 119 0
1 2 0 0 103.75 0
1 2 0 0 119 0
28 32 357 10000 41.2515 1
1 1 3 10000 104 0
1 2 0 0 103.75 0
1 2 0 0 119 0
28 89 176.667 10000 42.7617 1
1 1 3 10000 104 0
1 2 0 0 103.75 0
1 2 0 0 119 0
28 91 177.364 10000 43.1328 1
1 1 3 10000 104 0
1 2 0 0 103.75 0
1 2 0 0 119 0
28 91 171.438 10000 43.2982 1
1 1 3 10000 104 0
1 2 0 0 103.75 0
1 2 0 0 119 0
29 100 139.95 27.99 43.3236 1
1 1 3 10000 104 0
1 2 0 0 103.75 0
1 2 0 0 119 0
29 100 139.95 27.99 43.3236 1
1 1 3 10000 104 0
1 2 0 0 103.75 0
1 2 0 0 119 0
29 100 139.95 27.99 43.3236 1
1 1 3 10000 104 0
1 2 0 0 103.75 0
1 2 0 0 119 0
29 100 139.95 27.99 43.3236 1
1 1 3 10000 104 0
1 2 0 0 103.75 0
1 2 0 0 119 0
29 100 139.95 27.99 43.3236 1
1 1 3 10000 104 0
1 2 0 0 103.75 0
1 2 0 0 119 0
29 100 139.95 27.99 43.3236 1
1 1 3 10000 104 0
1 2 0 0 103.75 0
1 2 0 0 119 0
29 100 139.95 27.99 43.3236 1
1 1 3 10000 104 0
1 2 0 0 103.75 0
1 2 0 0 119 0
29 100 139.95 27.99 43.3236 1
1 1 3 10000 104 0
1 4 0 0 107.2 0
1 2 0 0 119 0
29 100 139.95 27.99 43.3236 1
1 1 3 10000 104 0
1 4 0 0 100.706 0
1 2 0 0 119 0
29 100 139.95 27.99 43.3236 1
1 1 3 10000 104 0
1 4 0 0 100.706 0
1 2 0 0 119 0
29 100 139.95 27.99 43.3236 1
1 1 3 10000 104 0
1 4 0 0 100.706 0
1 2 0 0 119 0
29 100 139.95 27.99 43.3236 1
1 1 3 10000 104 0
1 4 0 0 100.706 0
1 2 0 0 119 0
29 100 139.95 27.99 43.3236 1
1 1 3 10000 104 0
1 4 0 0 100.706 0
1 2 0 0 119 0
29 100 139.95 27.99 43.3236 1
1 1 3 10000 104 0
1 4 0 0 100.706 0
1 2 0 0 119 0
29 100 139.95 27.99 43.3236 1
1 1 3 10000 104 0
1 4 0 0 100.706 0
1 2 0 0 119 0
29 108 29.7938 28.9 43.2538 1
1 1 3 10000 104 0
1 4 0 0 100.706 0
1 2 0 0 119 0
29 142 38.9118 39.69 43.3936 1
1 1 3 10000 104 0
1 4 0 0 100.706 0
1 2 0 0 119 0
29 173 45.5607 48.75 43.4642 1
1 1 3 10000 104 0
1 4 0 0 100.706 0
1 2 0 0 119 0
29 199 51.3063 56.95 43.5151 1
1 1 3 10000 104 0
1 5 0 0 103.75 0
1 2 0 0 119 0
29 237 57.9569 67.23 43.5673 1
1 1 3 10000 104 0
1 5 0 0 101.286 0
1 2 0 0 119 0
29 264 64.541 78.74 43.6135 1
1 1 3 10000 104 0
1 5 0 0 101.286 0
1 7 0 0 171.714 0
29 290 68.0472 86.42 43.6392 1
1 1 3 10000 104 0
1 5 0 0 101.286 0
1 10 0 0 209.6 0
29 317 70.3409 92.85 43.6582 1
1 1 0.19697 10000 52.8889 1
1 2 0 0 912.929 0
1 5 0 0 101.286 0
1 10 0 0 209.6 0
29 353 73.2941 99.68 43.6763 1
1 1 0 0 401.5 0
1 1 0.203008 10000 52.5714 1
1 2 0 0 912.929 0
1 5 0 0 101.286 0
1 19 0 0 219.421 0
1 3 0 0 521.75 0
29 380 77.1489 108.78 43.6977 0
1 1 0 0 281 0
1 1 0.203008 10000 52.5714 1
1 2 0 0 912.929 0
1 5 0 0 101.286 0
1 30 0 0 202.387 0
1 4 0 0 632.03 0
29 415 81.2177 119.39 43.7192 1
1 1 0 0 281 0
1 5 0 0 1094.43 0
1 1 0.203008 10000 52.5714 1
1 2 0 0 912.929 0
1 5 0 0 101.286 0
1 30 0 0 202.387 0
1 4 0 0 632.03 0
29 445 84.5066 128.45 43.7354 1
1 1 0 0 281 0
1 5 0 0 941.132 0
1 1 0.203008 10000 52.5714 1
1 2 0 0 912.929 0
1 5 0 0 101.286 0
1 30 0 0 202.387 0
1 4 0 0 632.03 0
29 481 87.6943 137.68 43.723 0
1 1 0 0 281 0
1 5 0 0 941.132 0
1 1 0.203008 10000 52.5714 1
1 2 0 0 912.929 0
1 5 0 0 101.286 0
1 30 0 0 202.387 0
1 4 0 0 632.03 0
29 504 90.236 145.28 43.7359 1
1 1 0 0 281 0
1 5 0 0 941.132 0
1 1 0.203008 10000 52.5714 1
1 2 0 0 912.929 0
1 6 0 0 101.68 0
1 30 0 0 202.387 0
1 4 0 0 632.03 0
29 533 92.3473 154.22 43.7487 1
1 1 0 0 281 0
1 5 0 0 941.132 0
1 1 0.203008 10000 52.5714 1
1 2 0 0 912.929 0
1 6 0 0 99.7692 0
1 30 0 0 202.387 0
1 4 0 0 632.03 0
29 559 94.2151 162.05 43.7589 1
1 1 0 0 281 0
1 5 0 0 941.132 0
1 1 0.319767 10000 48.2857 1
1 2 0 0 912.929 0
1 6 0 0 99.7692 0
1 30 0 0 202.387 0
1 4 0 0 632.03 0
29 582 95.6384 169.28 43.7676 1
1 1 0 0 281 0
1 5 0 0 941.132 0
1 1 0.367816 10000 47.6923 1
1 2 0 0 912.929 0
1 6 0 0 99.7692 0
1 30 0 0 202.387 0
1 4 0 0 632.03 0
29 608 97.0934 176.71 43.7759 1
1 1 0 0 281 0
1 5 0 0 941.132 0
1 1 0.367816 10000 47.6923 1
1 2 0 0 912.929 0
1 6 0 0 99.7692 0
1 32 0 0 212.061 0
1 4 0 0 632.03 0
29 635 98.4064 184.02 43.7836 1
1 1 0 0 281 0
1 5 0 0 941.132 0
1 1 0.367816 10000 47.6923 1
1 2 0 0 912.929 0
1 6 0 0 99.7692 0
1 32 0 0 212.061 0
1 4 0 0 632.03 0
29 665 101.031 193.98 43.7931 1
1 1 0 0 281 0
1 1 0 0 443.5 0
1 5 0 0 941.132 0
1 1 0.545098 10000 46.3429 1
1 3 0 0 520 0
1 2 0 0 647.267 0
1 5 0 0 941.132 0
1 2 0 0 725.176 0
1 5 0 0 1130.67 0
1 2 0 0 258.444 0
1 1 0 0 119 0
1 6 0 0 274.25 0
1 1 0 0 176 0
1 1 0 0 192.333 0
1 1 0 0 1200.69 1
1 3 0 0 926.322 0
1 1 0 0 214 0
1 1 0 0 101.667 0
1 1 0 0 471.5 0
1 3 0 0 41 0
1 5 0 0 651.406 0
1 1 0 0 158.75 0
1 1 0 0 1138 0
1 1 0 0 273.25 0
29 1034 97.3528 80.5508 47.6589 1
1 2 0 0 221.222 0
1 1 0 0 365.2 0
1 2 0 0 1135.69 0
1 1 0 0 52 0
1 4 0 0 522.191 0
1 9 0 0 1128.47 0
1 9 0 0 523.111 0
1 1 0 0 281 0
1 8 0 0 329.5 0
1 1 0 0 1500 0
1 8 0 0 1179.44 0
1 1 0 0 1408.36 0
1 204 0 0 138.72 0
1 1 0 0 567.9 0
1 1 0 0 215.667 0
1 1 0 0 290.75 0
1 2 0 0 787.774 0
1 1 0 0 52 0
1 1 0 0 945.133 0
1 3 0 0 40 0
1 1 0 0 776 0
1 1 0 0 52 0
1 1 0 0 52 0
1 1 0 0 184 0
1 1 0 0 656.455 0
1 1 0 0 508.273 0
1 4 0 0 824.174 0
1 1 0 0 578.556 0
1 1 0 0 52 0
1 12 0 0 550.353 0
1 4 0 0 607.898 0
1 1 0 0 610.111 0
1 1 0 0 52 0
1 1 0 0 385.75 0
1 1 0 0 328.167 0
1 1 0 0 52 0
1 3 0 0 632.929 0
1 2 0 0 169.8 0
1 3 0 0 1165.4 0
1 1 0 0 177.5 0
1 1 0 0 180.4 0
1 1 0 0 176 0
1 1 0 0 155.5 0
1 6 0 0 1091.52 0
1 1 0 0 52 0
1 1 0 0 929.45 0
1 1 0 0 107.75 0
1 2 0 0 125.5 0
1 5 0 0 142.438 0
1 1 0 0 221.8 0
1 26 0 0 1468.11 0
1 1 0 0 1033.86 0
1 1 0 0 785.933 0
1 1 0 0 509.5 0
1 1 0 0 80.2 1
1 3 0 0 880.179 0
1 1 0 0 1281.07 0
1 8 0 0 100.706 0
1 1 0 0 52 0
1 1 0.545098 10000 46.3429 1
1 3 0 0 520 0
1 2 0 0 647.267 0
1 5 0 0 941.132 0
1 2 0 0 725.176 0
1 5 0 0 1130.67 0
1 2 0 0 258.444 0
1 1 0 0 119 0
1 6 0 0 274.25 0
1 1 0 0 176 0
1 1 0 0 192.333 0
1 1 0 0 1200.69 1
1 3 0 0 926.322 0
1 1 0 0 214 0
1 1 0 0 101.667 0
1 1 0 0 471.5 0
1 3 0 0 41 0
1 5 0 0 651.406 0
1 1 0 0 158.75 0
1 1 0 0 1138 0
1 1 0 0 273.25 0
29 1034 97.3528 80.5508 47.6589 1
1 2 0 0 221.222 0
1 1 0 0 365.2 0
1 2 0 0 1135.69 0
1 1 0 0 52 0
1 4 0 0 522.191 0
1 9 0 0 1128.47 0
1 9 0 0 490.621 0
1 1 0 0 281 0
1 8 0 0 329.5 0
1 1 0 0 1500 0
1 8 0 0 1179.44 0
1 1 0 0 1408.36 0
1 204 0 0 138.72 0
1 1 0 0 567.9 0
1 1 0 0 215.667 0
1 1 0 0 290.75 0
1 2 0 0 787.774 0
1 1 0 0 52 0
1 1 0 0 945.133 0
1 3 0 0 40 0
1 1 0 0 776 0
1 1 0 0 52 0
1 1 0 0 52 0
1 1 0 0 184 0
1 1 0 0 656.455 0
1 1 0 0 508.273 0
1 4 0 0 824.174 0
1 1 0 0 578.556 0
1 1 0 0 52 0
1 12 0 0 550.353 0
1 4 0 0 607.898 0
1 1 0 0 610.111 0
1 1 0 0 52 0
1 1 0 0 385.75 0
1 1 0 0 328.167 0
1 1 0 0 52 0
1 3 0 0 632.929 0
1 2 0 0 169.8 0
1 3 0 0 1165.4 0
1 1 0 0 177.5 0
1 1 0 0 180.4 0
1 1 0 0 176 0
1 1 0 0 155.5 0
1 6 0 0 1091.52 0
1 1 0 0 52 0
1 1 0 0 929.45 0
1 1 0 0 107.75 0
1 2 0 0 125.5 0
1 5 0 0 142.438 0
1 1 0 0 221.8 0
1 26 0 0 1468.11 0
1 1 0 0 1033.86 0
1 1 0 0 785.933 0
1 1 0 0 509.5 0
1 1 0 0 80.2 1
1 3 0 0 880.179 0
1 1 0 0 1281.07 0
1 8 0 0 100.706 0
1 1 0 0 52 0
1 1 0.545098 10000 46.3429 1
1 3 0 0 520 0
1 2 0 0 647.267 0
1 5 0 0 941.132 0
1 2 0 0 725.176 0
1 5 0 0 1130.67 0
1 2 0 0 258.444 0
1 1 0 0 119 0
1 6 0 0 274.25 0
1 1 0 0 176 0
1 1 0 0 192.333 0
1 1 0 0 1200.69 1
1 3 0 0 926.322 0
1 1 0 0 214 0
1 1 0 0 101.667 0
1 1 0 0 471.5 0
1 3 0 0 41 0
1 5 0 0 651.406 0
1 1 0 0 158.75 0
1 1 0 0 1138 0
1 1 0 0 273.25 0
29 1034 97.3528 80.5508 47.6589 1
1 2 0 0 221.222 0
1 1 0 0 365.2 0
1 2 0 0 1135.69 0
1 1 0 0 52 0
1 4 0 0 522.191 0
1 9 0 0 1128.47 0
1 9 0 0 490.621 0
1 1 0 0 281 0
1 8 0 0 329.5 0
1 1 0 0 1500 0
1 8 0 0 1179.44 0
1 1 0 0 1408.36 0
1 204 0 0 138.72 0
1 1 0 0 567.9 0
1 1 0 0 215.667 0
1 1 0 0 290.75 0
1 2 0 0 787.774 0
1 1 0 0 52 0
1 1 0 0 945.133 0
1 3 0 0 40 0
1 1 0 0 776 0
1 1 0 0 52 0
1 1 0 0 52 0
1 1 0 0 184 0
1 1 0 0 656.455 0
1 1 0 0 508.273 0
1 4 0 0 824.174 0
1 1 0 0 578.556 0
1 1 0 0 52 0
1 12 0 0 550.353 0
1 4 0 0 607.898 0
1 1 0 0 610.111 0
1 1 0 0 52 0
1 1 0 0 385.75 0
1 1 0 0 328.167 0
1 1 0 0 52 0
1 3 0 0 632.929 0
1 2 0 0 169.8 0
1 3 0 0 1165.4 0
1 1 0 0 177.5 0
1 1 0 0 180.4 0
1 1 0 0 176 0
1 1 0 0 155.5 0
1 6 0 0 1091.52 0
1 1 0 0 52 0
1 1 0 0 929.45 0
1 1 0 0 107.75 0
1 2 0 0 125.5 0
1 5 0 0 142.438 0
1 1 0 0 221.8 0
1 26 0 0 1468.11 0
1 1 0 0 1033.86 0
1 1 0 0 785.933 0
1 1 0 0 509.5 0
1 1 0 0 80.2 1
1 3 0 0 880.179 0
1 1 0 0 1281.07 0
1 8 0 0 100.706 0
1 1 0 0 52 0
1 1 0.545098 10000 46.3429 1
1 3 0 0 520 0
1 2 0 0 647.267 0
1 5 0 0 941.132 0
1 2 0 0 725.176 0
1 5 0 0 1130.67 0
1 2 0 0 258.444 0
1 1 0 0 119 0
1 6 0 0 274.25 0
1 1 0 0 176 0
1 1 0 0 192.333 0
1 1 0 0 1200.69 1
1 3 0 0 926.322 0
1 1 0 0 214 0
1 1 0 0 101.667 0
1 1 0 0 471.5 0
1 3 0 0 41 0
1 5 0 0 651.406 0
1 1 0 0 158.75 0
1 1 0 0 1138 0
1 1 0 0 273.25 0
29 1034 97.3528 80.5508 47.6589 1
1 1 0.367816 10000 47.6923 1
1 2 0 0 912.929 0
1 6 0 0 99.7692 0
1 32 0 0 212.061 0
1 4 0 0 632.03 0
29 699 103.147 203.2 43.8013 1
1 1 0 0 281 0
1 1 0 0 443.5 0
1 5 0 0 941.132 0
1 1 0.367816 10000 47.6923 1
1 2 0 0 912.929 0
1 6 0 0 99.7692 0
1 37 0 0 208.053 0
1 4 0 0 632.03 0
29 736 105.624 213.36 43.8096 1
1 1 0 0 281 0
1 1 0 0 443.5 0
1 5 0 0 941.132 0
1 1 0.367816 10000 47.6923 1
1 2 0 0 912.929 0
1 6 0 0 99.7692 0
1 37 0 0 208.053 0
1 4 0 0 657.311 0
29 766 108.469 224.53 43.8179 1
1 1 0 0 281 0
1 1 0 0 443.5 0
1 5 0 0 941.132 0
1 1 0.367816 10000 47.6923 1
1 2 0 0 1277.08 0
1 2 0 0 912.929 0
1 6 0 0 99.7692 0
1 51 0 0 235.769 0
1 4 0 0 657.311 0
29 809 111.099 236.64 43.8261 1
1 1 0 0 281 0
1 1 0 0 443.5 0
1 1 0 0 1500 0
1 5 0 0 941.132 0
1 1 0.535211 10000 46.087 1
1 3 0 0 1213.11 0
1 1 0 0 281 0
1 1 0 0 998.071 1
1 4 0 0 657.311 0
29 831 112.355 243.81 43.8307 1
1 2 0 0 912.929 0
1 1 0 0 1109.38 0
1 1 0 0 270 0
1 1 0 0 443.5 0
1 1 0 0 1276.89 0
1 4 0 0 1235.09 0
1 73 0 0 209.68 0
1 6 0 0 99.7692 0
1 1 0 0 346.5 0
1 5 0 0 941.132 0
1 2 0 0 1280.33 0
1 1 0 0 762 0
1 1 0 0 1185.93 0
1 1 0 0 880.25 0
1 1 0.550926 10000 46.3667 1
1 5 0 0 941.132 0
1 2 0 0 912.929 0
1 1 0 0 443.5 0
1 1 0 0 1185.93 0
1 3 0 0 136 0
1 1 0 0 248.333 0
1 1 0 0 521.333 0
1 4 0 0 1235.09 0
1 8 0 0 1150.9 0
1 78 0 0 213.231 0
1 2 0 0 1311.43 0
1 1 0 0 838.517 0
1 1 0 0 1109.38 0
1 1 0 0 297.5 0
1 1 0 0 193.333 0
1 1 0.550926 10000 46.3667 1
1 6 0 0 99.7692 0
1 1 0 0 335 0
1 1 0 0 760 0
1 1 0 0 217.333 0
1 1 0 0 268 0
1 1 0 0 126.333 1
1 1 0 0 1219.52 1
1 4 0 0 657.311 0
29 867 113.473 251.91 43.8355 1
1 5 0 0 1163.16 0
1 1 0 0 1008.93 0
1 1 0 0 281 0
1 1 0 0 941 0
1 5 0 0 941.132 0
1 2 0 0 912.929 0
1 1 0 0 443.5 0
1 1 0 0 1185.93 0
1 3 0 0 136 0
1 1 0 0 248.333 0
1 1 0 0 1458.59 0
1 3 0 0 658.857 0
1 5 0 0 1444.7 0
1 9 0 0 1128.47 0
1 84 0 0 211.114 0
1 2 0 0 1311.43 0
1 1 0 0 838.517 0
1 1 0 0 1109.38 0
1 1 0 0 297.5 0
1 1 0 0 193.333 0
1 1 0.550926 10000 46.3667 1
1 6 0 0 99.7692 0
1 1 0 0 52 0
1 1 0 0 335 0
1 1 0 0 760 0
1 1 0 0 217.333 0
1 1 0 0 268 0
1 1 0 0 126.333 1
1 1 0 0 1219.52 1
1 4 0 0 657.311 0
29 895 114.711 261.54 43.841 1
1 5 0 0 1163.16 0
1 1 0 0 1008.93 0
1 1 0 0 281 0
1 1 0 0 941 0
1 5 0 0 941.132 0
1 2 0 0 912.929 0
1 1 0 0 443.5 0
1 1 0 0 1185.93 0
1 3 0 0 136 0
1 1 0 0 248.333 0
1 1 0 0 1458.59 0
1 3 0 0 658.857 0
1 6 0 0 1481.02 0
1 9 0 0 1128.47 0
1 89 0 0 214.21 0
1 2 0 0 1311.43 0
1 1 0 0 838.517 0
1 1 0 0 1109.38 0
1 1 0 0 297.5 0
1 1 0 0 193.333 0
1 1 0.550926 10000 46.3667 1
1 6 0 0 99.7692 0
1 1 0 0 52 0
1 1 0 0 335 0
1 1 0 0 760 0
1 1 0 0 217.333 0
1 1 0 0 268 0
1 1 0 0 126.333 1
1 1 0 0 1219.52 1
1 4 0 0 657.311 0
1 1 0 0 1500 0
29 923 115.395 268.87 43.8444 1
1 5 0 0 1163.16 0
1 1 0 0 1008.93 0
1 1 0 0 281 0
1 1 0 0 941 0
1 5 0 0 941.132 0
1 2 0 0 912.929 0
1 1 0 0 443.5 0
1 1 0 0 1185.93 0
1 3 0 0 136 0
1 1 0 0 248.333 0
1 1 0 0 1458.59 0
1 3 0 0 658.857 0
1 6 0 0 1481.86 0
1 3 0 0 40 0
1 9 0 0 1128.47 0
1 90 0 0 216.808 0
1 2 0 0 1311.43 0
1 1 0 0 838.517 0
1 1 0 0 1109.38 0
1 1 0 0 297.5 0
1 1 0 0 193.333 0
1 1 0.550926 10000 46.3667 1
1 6 0 0 99.7692 0
1 1 0 0 52 0
1 1 0 0 335 0
1 1 0 0 760 0
1 1 0 0 217.333 0
1 1 0 0 268 0
1 1 0 0 126.333 1
1 1 0 0 1219.52 1
1 4 0 0 657.311 0
1 1 0 0 1500 0
29 935 115.916 275.88 43.848 1
1 5 0 0 1163.16 0
1 1 0 0 1008.93 0
1 1 0 0 281 0
1 1 0 0 941 0
1 5 0 0 941.132 0
1 2 0 0 912.929 0
1 3 0 0 760 0
1 1 0 0 443.5 0
1 1 0 0 1185.93 0
1 3 0 0 136 0
1 1 0 0 248.333 0
1 1 0 0 1458.59 0
1 3 0 0 658.857 0
1 6 0 0 1482.15 0
1 3 0 0 40 0
1 9 0 0 1128.47 0
1 90 0 0 216.808 0
1 2 0 0 1311.43 0
1 1 0 0 838.517 0
1 1 0 0 370.333 1
1 1 0 0 1109.38 0
1 1 0 0 297.5 0
1 1 0 0 193.333 0
1 1 0.550926 10000 46.3667 1
1 6 0 0 99.7692 0
1 1 0 0 52 0
1 1 0 0 221.8 0
1 1 0 0 760 0
1 1 0 0 217.333 0
1 1 0 0 268 0
1 1 0 0 126.333 1
1 1 0 0 1219.52 1
1 4 0 0 657.311 0
1 1 0 0 1500 0
29 957 115.856 281.53 43.8508 1
1 5 0 0 1163.16 0
1 1 0 0 1008.93 0
1 1 0 0 281 0
1 1 0 0 941 0
1 5 0 0 941.132 0
1 2 0 0 805.312 0
1 3 0 0 520 0
1 1 0 0 443.5 0
1 1 0 0 1185.93 0
1 3 0 0 136 0
1 1 0 0 248.333 0
1 1 0 0 1458.59 0
1 3 0 0 658.857 0
1 6 0 0 1482.15 0
1 3 0 0 40 0
1 9 0 0 1128.47 0
1 91 0 0 216.231 0
1 2 0 0 1311.43 0
1 1 0 0 838.517 0
1 1 0 0 370.333 1
1 1 0 0 1109.38 0
1 1 0 0 297.5 0
1 1 0 0 193.333 0
1 1 0.550926 10000 46.3667 1
1 6 0 0 99.7692 0
1 1 0 0 52 0
1 1 0 0 221.8 0
1 1 0 0 760 0
1 1 0 0 217.333 0
1 1 0 0 268 0
1 1 0 0 126.333 1
1 1 0 0 1219.52 1
1 4 0 0 657.311 0
1 1 0 0 1500 0
29 980 116.012 287.71 43.8536 1
1 5 0 0 1163.16 0
1 1 0 0 1008.93 0
1 1 0 0 281 0
1 1 0 0 941 0
1 5 0 0 941.132 0
1 2 0 0 805.312 0
1 3 0 0 520 0
1 1 0 0 443.5 0
1 1 0 0 1185.93 0
1 3 0 0 136 0
1 1 0 0 248.333 0
1 1 0 0 1458.59 0
1 3 0 0 658.857 0
1 9 0 0 1477.91 0
1 3 0 0 40 0
1 9 0 0 1128.47 0
1 91 0 0 216.231 0
1 2 0 0 1311.43 0
1 2 0 0 1177.37 0
1 1 0 0 838.517 0
1 1 0 0 370.333 1
1 1 0 0 1109.38 0
1 1 0 0 215.667 0
1 1 0 0 193.333 0
1 1 0.525692 10000 46.4478 1
1 6 0 0 99.7692 0
1 1 0 0 52 0
1 1 0 0 221.8 0
1 1 0 0 760 0
1 1 0 0 217.333 0
1 1 0 0 268 0
1 1 0 0 126.333 1
1 1 0 0 1219.52 1
1 4 0 0 657.311 0
1 1 0 0 1500 0
29 999 116.134 293.82 43.8564 1
1 5 0 0 1163.16 0
1 1 0 0 1008.93 0
1 1 0 0 281 0
1 1 0 0 941 0
1 5 0 0 941.132 0
1 2 0 0 805.312 0
1 3 0 0 520 0
1 1 0 0 443.5 0
1 1 0 0 1185.93 0
1 3 0 0 136 0
1 1 0 0 248.333 0
1 1 0 0 1458.59 0
1 3 0 0 658.857 0
1 9 0 0 1477.91 0
1 3 0 0 40 0
1 9 0 0 1128.47 0
1 92 0 0 216.148 0
1 2 0 0 1311.43 0
1 2 0 0 1177.37 0
1 1 0 0 838.517 0
1 1 0 0 370.333 1
1 1 0 0 1109.38 0
1 1 0 0 215.667 0
1 1 0 0 193.333 0
1 1 0.545098 10000 46.3429 1
1 6 0 0 99.7692 0
1 1 0 0 52 0
1 1 0 0 221.8 0
1 1 0 0 524 0
1 1 0 0 217.333 0
1 1 0 0 268 0
1 1 0 0 126.333 1
1 1 0 0 1219.52 1
1 4 0 0 644.152 0
1 1 0 0 1500 0
29 999 117.422 302.95 43.8413 1
1 5 0 0 1163.16 0
1 1 0 0 1008.93 0
1 1 0 0 281 0
1 1 0 0 941 0
1 5 0 0 941.132 0
1 2 0 0 805.312 0
1 3 0 0 520 0
1 1 0 0 443.5 0
1 1 0 0 1185.93 0
1 3 0 0 136 0
1 1 0 0 248.333 0
1 1 0 0 1458.59 0
1 3 0 0 658.857 0
1 9 0 0 1477.91 0
1 3 0 0 40 0
1 9 0 0 1128.47 0
1 92 0 0 216.148 0
1 2 0 0 1311.43 0
1 2 0 0 1177.37 0
1 1 0 0 838.517 0
1 1 0 0 370.333 1
1 1 0 0 1109.38 0
1 1 0 0 215.667 0
1 1 0 0 193.333 0
1 1 0.545098 10000 46.3429 1
1 8 0 0 100.706 0
1 1 0 0 52 0
1 1 0 0 221.8 0
1 1 0 0 524 0
1 1 0 0 217.333 0
1 1 0 0 268 0
1 1 0 0 126.333 1
1 1 0 0 1219.52 1
1 4 0 0 644.152 0
1 1 0 0 1500 0
29 1028 114.799 307.66 44.1007 1
1 5 0 0 1163.16 0
1 1 0 0 1008.93 0
1 1 0 0 281 0
1 1 0 0 941 0
1 5 0 0 941.132 0
1 2 0 0 805.312 0
1 3 0 0 520 0
1 1 0 0 443.5 0
1 1 0 0 1185.93 0
1 3 0 0 136 0
1 1 0 0 248.333 0
1 1 0 0 1458.59 0
1 3 0 0 658.857 0
1 9 0 0 1477.91 0
1 3 0 0 40 0
1 9 0 0 1128.47 0
1 98 0 0 221.961 0
1 2 0 0 1311.43 0
1 2 0 0 1177.37 0
1 1 0 0 838.517 0
1 1 0 0 1295.36 0
1 1 0 0 370.333 1
1 1 0 0 1109.38 0
1 1 0 0 215.667 0
1 1 0 0 193.333 0
1 1 0.545098 10000 46.3429 1
1 8 0 0 100.706 0
1 1 0 0 52 0
1 1 0 0 221.8 0
1 1 0 0 524 0
1 1 0 0 217.333 0
1 1 0 0 268 0
1 1 0 0 126.333 1
1 1 0 0 1219.52 1
1 4 0 0 644.152 0
1 1 0 0 1500 0
29 1028 113.515 308.76 44.2281 1
1 5 0 0 1163.16 0
1 1 0 0 1008.93 0
1 1 0 0 281 0
1 1 0 0 941 0
1 1 0 0 760 0
1 5 0 0 941.132 0
1 2 0 0 805.312 0
1 3 0 0 520 0
1 1 0 0 443.5 0
1 1 0 0 1185.93 0
1 3 0 0 136 0
1 1 0 0 248.333 0
1 1 0 0 1458.59 0
1 4 0 0 681.778 0
1 9 0 0 1477.91 0
1 3 0 0 40 0
1 9 0 0 1128.47 0
1 104 0 0 229.948 0
1 2 0 0 1311.43 0
1 2 0 0 1177.37 0
1 1 0 0 838.517 0
1 1 0 0 1295.36 0
1 1 0 0 370.333 1
1 1 0 0 1109.38 0
1 1 0 0 215.667 0
1 2 0 0 1390.73 0
1 1 0 0 193.333 0
1 1 0.545098 10000 46.3429 1
1 8 0 0 100.706 0
1 1 0 0 52 0
1 1 0 0 221.8 0
1 5 0 0 695.636 0
1 1 0 0 217.333 0
1 1 0 0 268 0
1 1 0 0 126.333 1
1 1 0 0 1219.52 1
1 4 0 0 644.152 0
1 1 0 0 1500 0
29 1028 111.464 309.87 44.5633 1
1 5 0 0 1163.16 0
1 1 0 0 1008.93 0
1 1 0 0 281 0
1 1 0 0 941 0
1 1 0 0 760 0
1 5 0 0 941.132 0
1 2 0 0 805.312 0
1 1 0 0 101.667 0
1 2 0 0 221.222 0
1 3 0 0 520 0
1 1 0 0 443.5 0
1 1 0 0 790.778 0
1 1 0 0 471.5 0
1 1 0 0 1185.93 0
1 1 0 0 208.25 0
1 3 0 0 136 0
1 2 0 0 628.5 0
1 1 0 0 1458.59 0
1 7 0 0 713.867 0
1 9 0 0 1477.91 0
1 3 0 0 40 0
1 9 0 0 1128.47 0
1 170 0 0 276.945 0
1 5 0 0 1200.94 0
1 2 0 0 1177.37 0
1 1 0 0 149.667 0
1 1 0 0 838.517 0
1 1 0 0 1295.36 0
1 1 0 0 370.333 1
1 1 0 0 1109.38 0
1 1 0 0 215.667 0
1 4 0 0 1098.13 0
1 3 0 0 180.714 0
1 1 0.545098 10000 46.3429 1
1 8 0 0 100.706 0
1 1 0 0 52 0
1 1 0 0 221.8 0
1 7 0 0 712.8 0
1 1 0 0 1500 0
1 1 0 0 217.333 0
1 1 0 0 268 0
1 1 0 0 126.333 1
1 1 0 0 1219.52 1
1 1 0 0 150.75 0
1 4 0 0 644.152 0
1 1 0 0 1500 0
29 1028 109.922 311.08 45.0012 0
1 5 0 0 1163.16 0
1 1 0 0 1008.93 0
1 1 0 0 281 0
1 1 0 0 268 0
1 1 0 0 101.667 0
1 1 0 0 471.5 0
1 3 0 0 804.263 0
1 1 0 0 1500 0
29 1028 109.68 311.49 44.9595 1
1 2 0 0 221.222 0
1 1 0 0 443.5 0
1 2 0 0 1177.37 0
1 3 0 0 580.475 0
1 9 0 0 1128.47 0
1 7 0 0 712.8 0
1 1 0 0 281 0
1 5 0 0 342.438 0
1 1 0 0 1500 0
1 5 0 0 1205.82 0
1 1 0 0 1458.59 0
1 192 0 0 135.109 0
1 1 0 0 696.875 0
1 1 0 0 215.667 0
1 1 0 0 370.333 1
1 1 0 0 838.517 0
1 1 0 0 1008.93 0
1 3 0 0 40 0
1 1 0 0 1500 0
1 1 0 0 790.778 0
1 1 0 0 589 1
1 2 0 0 1044.2 0
1 1 0 0 578.556 0
1 8 0 0 566.182 0
1 4 0 0 644.152 0
1 1 0 0 851.706 0
1 3 0 0 136 0
1 1 0 0 194 0
1 4 0 0 1098.13 0
1 1 0 0 1185.93 0
1 1 0 0 126.333 1
1 2 0 0 136 0
1 4 0 0 158 0
1 1 0 0 221.8 0
1 9 0 0 1477.91 0
1 1 0 0 1109.38 0
1 1 0 0 790.599 0
1 1 0 0 760 0
1 2 0 0 891.223 0
1 1 0 0 1295.36 0
1 8 0 0 100.706 0
1 1 0 0 52 0
1 1 0.545098 10000 46.3429 1
1 3 0 0 520 0
1 1 0 0 904.4 0
1 5 0 0 941.132 0
1 5 0 0 1163.16 0
1 1 0 0 158.5 1
1 1 0 0 941 0
1 1 0 0 217.333 0
1 1 0 0 184.75 0
1 1 0 0 1219.52 1
1 2 0 0 930.275 0
1 1 0 0 268 0
1 1 0 0 101.667 0
1 1 0 0 471.5 0
1 1 0 0 40 1
1 4 0 0 732.692 0
1 1 0 0 1500 0
1 1 0 0 273.25 0
29 1028 106.491 312.02 45.0936 1
1 2 0 0 221.222 0
1 1 0 0 443.5 0
1 2 0 0 1177.37 0
1 3 0 0 554.903 0
1 9 0 0 1128.47 0
1 7 0 0 712.8 0
1 1 0 0 281 0
1 5 0 0 331.94 0
1 1 0 0 1500 0
1 6 0 0 1113.92 0
1 1 0 0 1458.59 0
1 192 0 0 135.109 0
1 1 0 0 696.875 0
1 1 0 0 215.667 0
1 1 0 0 370.333 1
1 1 0 0 838.517 0
1 1 0 0 1008.93 0
1 3 0 0 40 0
1 1 0 0 1500 0
1 1 0 0 790.778 0
1 1 0 0 553.9 0
1 4 0 0 1031.05 0
1 1 0 0 578.556 0
1 8 0 0 566.182 0
1 4 0 0 644.152 0
1 1 0 0 829 0
1 2 0 0 774.2 0
1 1 0 0 40 0
1 3 0 0 1056.49 0
1 1 0 0 212.5 0
1 1 0 0 194 0
1 4 0 0 1098.13 0
1 1 0 0 1185.93 0
1 1 0 0 126.333 1
1 2 0 0 125.5 0
1 4 0 0 148.923 0
1 1 0 0 221.8 0
1 9 0 0 1477.91 0
1 1 0 0 1109.38 0
1 1 0 0 790.599 0
1 1 0 0 760 0
1 2 0 0 891.223 0
1 1 0 0 1295.36 0
1 8 0 0 100.706 0
1 1 0 0 52 0
1 1 0.545098 10000 46.3429 1
1 3 0 0 520 0
1 2 0 0 689.786 0
1 5 0 0 941.132 0
1 5 0 0 1163.16 0
1 1 0 0 119 0
1 1 0 0 941 0
1 1 0 0 217.333 0
1 1 0 0 184.75 0
1 1 0 0 1219.52 1
1 2 0 0 930.275 0
1 1 0 0 268 0
1 1 0 0 101.667 0
1 1 0 0 471.5 0
1 2 0 0 40 0
1 4 0 0 732.692 0
1 1 0 0 1500 0
1 1 0 0 273.25 0
29 1028 105.252 313.65 47.6734 1
1 2 0 0 221.222 0
1 1 0 0 443.5 0
1 2 0 0 1177.37 0
1 3 0 0 554.903 0
1 9 0 0 1128.47 0
1 7 0 0 712.8 0
1 1 0 0 281 0
1 5 0 0 331.94 0
1 1 0 0 1500 0
1 6 0 0 1113.92 0
1 1 0 0 1458.59 0
1 192 0 0 135.109 0
1 1 0 0 696.875 0
1 1 0 0 215.667 0
1 1 0 0 370.333 1
1 1 0 0 838.517 0
1 1 0 0 1008.93 0
1 3 0 0 40 0
1 1 0 0 1500 0
1 1 0 0 790.778 0
1 1 0 0 553.9 0
1 4 0 0 1015.26 0
1 1 0 0 578.556 0
1 8 0 0 566.182 0
1 4 0 0 644.152 0
1 1 0 0 829 0
1 2 0 0 707.455 0
1 1 0 0 40 0
1 3 0 0 1056.49 0
1 1 0 0 212.5 0
1 1 0 0 155.5 0
1 4 0 0 1098.13 0
1 1 0 0 1185.93 0
1 1 0 0 126.333 1
1 2 0 0 125.5 0
1 4 0 0 148.923 0
1 1 0 0 221.8 0
1 9 0 0 1477.91 0
1 1 0 0 1109.38 0
1 1 0 0 790.599 0
1 1 0 0 760 0
1 2 0 0 891.223 0
1 1 0 0 1295.36 0
1 8 0 0 100.706 0
1 1 0 0 52 0
1 1 0.545098 10000 46.3429 1
1 3 0 0 520 0
1 2 0 0 689.786 0
1 5 0 0 941.132 0
1 5 0 0 1163.16 0
1 1 0 0 40 0
1 1 0 0 119 0
1 1 0 0 941 0
1 1 0 0 217.333 0
1 1 0 0 184.75 0
1 1 0 0 1219.52 1
1 2 0 0 930.275 0
1 1 0 0 268 0
1 1 0 0 101.667 0
1 1 0 0 471.5 0
1 2 0 0 40 0
1 4 0 0 732.692 0
1 1 0 0 1500 0
1 1 0 0 273.25 0
29 1028 103.997 315.11 47.7502 1
1 2 0 0 221.222 0
1 1 0 0 443.5 0
1 2 0 0 1177.37 0
1 3 0 0 554.903 0
1 9 0 0 1128.47 0
1 9 0 0 722.737 0
1 1 0 0 281 0
1 5 0 0 331.94 0
1 1 0 0 1500 0
1 6 0 0 1113.92 0
1 1 0 0 1458.59 0
1 194 0 0 135.752 0
1 1 0 0 696.875 0
1 1 0 0 215.667 0
1 1 0 0 370.333 1
1 1 0 0 838.517 0
1 1 0 0 1008.93 0
1 3 0 0 40 0
1 1 0 0 1500 0
1 1 0 0 656.455 0
1 1 0 0 553.9 0
1 4 0 0 1015.26 0
1 1 0 0 578.556 0
1 8 0 0 566.182 0
1 4 0 0 644.152 0
1 1 0 0 829 0
1 1 0 0 52 0
1 2 0 0 707.455 0
1 1 0 0 40 0
1 3 0 0 1056.49 0
1 1 0 0 212.5 0
1 1 0 0 155.5 0
1 4 0 0 1098.13 0
1 1 0 0 1185.93 0
1 1 0 0 126.333 1
1 2 0 0 125.5 0
1 4 0 0 148.923 0
1 1 0 0 221.8 0
1 9 0 0 1477.91 0
1 1 0 0 1109.38 0
1 1 0 0 790.599 0
1 1 0 0 760 0
1 2 0 0 891.223 0
1 1 0 0 1295.36 0
1 8 0 0 100.706 0
1 1 0 0 52 0
1 1 0.545098 10000 46.3429 1
1 3 0 0 520 0
1 2 0 0 689.786 0
1 5 0 0 941.132 0
1 5 0 0 1163.16 0
1 1 0 0 40 0
1 1 0 0 119 0
1 1 0 0 941 0
1 1 0 0 217.333 0
1 1 0 0 184.75 0
1 1 0 0 1219.52 1
1 2 0 0 930.275 0
1 1 0 0 268 0
1 1 0 0 101.667 0
1 1 0 0 471.5 0
1 3 0 0 41.3333 0
1 5 0 0 691.367 0
1 1 0 0 1500 0
1 1 0 0 273.25 0
29 1029 102.476 316.65 47.7861 1
1 2 0 0 221.222 0
1 1 0 0 443.5 0
1 2 0 0 1177.37 0
1 4 0 0 529.209 0
1 9 0 0 1128.47 0
1 9 0 0 657.714 0
1 1 0 0 281 0
1 8 0 0 338.082 0
1 1 0 0 1500 0
1 7 0 0 1156.92 0
1 1 0 0 1458.59 0
1 204 0 0 138.72 0
1 1 0 0 696.875 0
1 1 0 0 215.667 0
1 1 0 0 370.333 1
1 1 0 0 838.517 0
1 1 0 0 1008.93 0
1 3 0 0 40 0
1 1 0 0 1500 0
1 1 0 0 184 0
1 1 0 0 656.455 0
1 1 0 0 553.9 0
1 4 0 0 1015.26 0
1 1 0 0 578.556 0
1 12 0 0 618.4 0
1 4 0 0 644.152 0
1 1 0 0 829 0
1 1 0 0 52 0
1 1 0 0 383.4 0
1 2 0 0 707.455 0
1 2 0 0 199.25 0
1 3 0 0 1196.62 0
1 1 0 0 177.5 0
1 1 0 0 212.5 0
1 1 0 0 300 0
1 1 0 0 155.5 0
1 4 0 0 1146.72 0
1 1 0 0 1185.93 0
1 1 0 0 126.333 1
1 2 0 0 125.5 0
1 5 0 0 149.267 0
1 1 0 0 221.8 0
1 9 0 0 1477.91 0
1 1 0 0 1109.38 0
1 1 0 0 790.599 0
1 1 0 0 509.5 0
1 2 0 0 891.223 0
1 1 0 0 1295.36 0
1 8 0 0 100.706 0
1 1 0 0 52 0
1 1 0.545098 10000 46.3429 1
1 3 0 0 520 0
1 2 0 0 689.786 0
1 5 0 0 941.132 0
1 2 0 0 814.933 0
1 5 0 0 1163.16 0
1 2 0 0 320.857 0
1 1 0 0 119 0
1 1 0 0 941 0
1 1 0 0 217.333 0
1 1 0 0 201.5 0
1 1 0 0 1219.52 1
1 3 0 0 929.296 0
1 1 0 0 214 0
1 1 0 0 101.667 0
1 1 0 0 471.5 0
1 3 0 0 41 0
1 5 0 0 651.406 0
1 1 0 0 158.75 0
1 1 0 0 1138 0
1 1 0 0 273.25 0
29 1029 102.016 317.27 47.6716 1
1 2 0 0 221.222 0
1 1 0 0 365.2 0
1 2 0 0 1135.69 0
1 1 0 0 52 0
1 4 0 0 522.191 0
1 9 0 0 1128.47 0
1 9 0 0 541.231 0
1 1 0 0 281 0
1 8 0 0 329.5 0
1 1 0 0 1500 0
1 8 0 0 1179.44 0
1 1 0 0 1408.36 0
1 204 0 0 138.72 0
1 1 0 0 567.9 0
1 1 0 0 215.667 0
1 1 0 0 290.75 0
1 2 0 0 787.774 0
1 1 0 0 52 0
1 1 0 0 945.133 0
1 3 0 0 40 0
1 1 0 0 776 0
1 1 0 0 52 0
1 1 0 0 52 0
1 1 0 0 184 0
1 1 0 0 656.455 0
1 1 0 0 508.273 0
1 4 0 0 824.174 0
1 1 0 0 578.556 0
1 1 0 0 52 0
1 12 0 0 550.353 0
1 4 0 0 607.898 0
1 1 0 0 610.111 0
1 1 0 0 52 0
1 1 0 0 385.75 0
1 1 0 0 328.167 0
1 1 0 0 52 0
1 3 0 0 632.929 0
1 2 0 0 169.8 0
1 3 0 0 1165.4 0
1 1 0 0 177.5 0
1 1 0 0 180.4 0
1 1 0 0 176 0
1 1 0 0 155.5 0
1 6 0 0 1091.52 0
1 1 0 0 52 0
1 1 0 0 929.45 0
1 1 0 0 107.75 0
1 2 0 0 125.5 0
1 5 0 0 142.438 0
1 1 0 0 221.8 0
1 26 0 0 1468.11 0
1 1 0 0 1033.86 0
1 1 0 0 785.933 0
1 1 0 0 509.5 0
1 1 0 0 80.2 1
1 3 0 0 880.179 0
1 1 0 0 1281.07 0
1 8 0 0 100.706 0
1 1 0 0 52 0
1 1 0.545098 10000 46.3429 1
1 3 0 0 520 0
1 2 0 0 647.267 0
1 5 0 0 941.132 0
1 2 0 0 725.176 0
1 5 0 0 1130.67 0
1 2 0 0 258.444 0
1 1 0 0 119 0
1 6 0 0 274.25 0
1 1 0 0 176 0
1 1 0 0 192.333 0
1 1 0 0 1200.69 1
1 3 0 0 926.322 0
1 1 0 0 214 0
1 1 0 0 101.667 0
1 1 0 0 471.5 0
1 3 0 0 41 0
1 5 0 0 651.406 0
1 1 0 0 158.75 0
1 1 0 0 1138 0
1 1 0 0 273.25 0
29 1029 102.048 317.37 47.6565 1
1 2 0 0 221.222 0
1 1 0 0 365.2 0
1 2 0 0 1135.69 0
1 1 0 0 52 0
1 4 0 0 522.191 0
1 9 0 0 1128.47 0
1 9 0 0 523.111 0
1 1 0 0 281 0
1 8 0 0 329.5 0
1 1 0 0 1500 0
1 8 0 0 1179.44 0
1 1 0 0 1408.36 0
1 204 0 0 138.72 0
1 1 0 0 567.9 0
1 1 0 0 215.667 0
1 1 0 0 290.75 0
1 2 0 0 787.774 0
1 1 0 0 52 0
1 1 0 0 945.133 0
1 3 0 0 40 0
1 1 0 0 776 0
1 1 0 0 52 0
1 1 0 0 52 0
1 1 0 0 184 0
1 1 0 0 656.455 0
1 1 0 0 508.273 0
1 4 0 0 824.174 0
1 1 0 0 578.556 0
1 1 0 0 52 0
1 12 0 0 550.353 0
1 4 0 0 607.898 0
1 1 0 0 610.111 0
1 1 0 0 52 0
1 1 0 0 385.75 0
1 1 0 0 328.167 0
1 1 0 0 52 0
1 3 0 0 632.929 0
1 2 0 0 169.8 0
1 3 0 0 1165.4 0
1 1 0 0 177.5 0
1 1 0 0 180.4 0
1 1 0 0 176 0
1 1 0 0 155.5 0
1 6 0 0 1091.52 0
1 1 0 0 52 0
1 1 0 0 929.45 0
1 1 0 0 107.75 0
1 2 0 0 125.5 0
1 5 0 0 142.438 0
1 1 0 0 221.8 0
1 26 0 0 1468.11 0
1 1 0 0 1033.86 0
1 1 0 0 785.933 0
1 1 0 0 509.5 0
1 1 0 0 80.2 1
1 3 0 0 880.179 0
1 1 0 0 1281.07 0
1 8 0 0 100.706 0
1 1 0 0 52 0
1 1 0.545098 10000 46.3429 1
1 3 0 0 520 0
1 2 0 0 647.267 0
1 5 0 0 941.132 0
1 2 0 0 725.176 0
1 5 0 0 1130.67 0
1 2 0 0 258.444 0
1 1 0 0 119 0
1 6 0 0 274.25 0
1 1 0 0 176 0
1 1 0 0 192.333 0
1 1 0 0 1200.69 1
1 3 0 0 926.322 0
1 1 0 0 214 0
1 1 0 0 101.667 0
1 1 0 0 471.5 0
1 3 0 0 41 0
1 5 0 0 651.406 0
1 1 0 0 158.75 0
1 1 0 0 1138 0
1 1 0 0 273.25 0
29 1029 102.048 317.37 47.6565 1
1 2 0 0 221.222 0
1 1 0 0 365.2 0
1 2 0 0 1135.69 0
1 1 0 0 52 0
1 4 0 0 522.191 0
1 9 0 0 1128.47 0
1 9 0 0 523.111 0
1 1 0 0 281 0
1 8 0 0 329.5 0
1 1 0 0 1500 0
1 8 0 0 1179.44 0
1 1 0 0 1408.36 0
1 204 0 0 138.72 0
1 1 0 0 567.9 0
1 1 0 0 215.667 0
1 1 0 0 290.75 0
1 2 0 0 787.774 0
1 1 0 0 52 0
1 1 0 0 945.133 0
1 3 0 0 40 0
1 1 0 0 776 0
1 1 0 0 52 0
1 1 0 0 52 0
1 1 0 0 184 0
1 1 0 0 656.455 0
1 1 0 0 508.273 0
1 4 0 0 824.174 0
1 1 0 0 578.556 0
1 1 0 0 52 0
1 12 0 0 550.353 0
1 4 0 0 607.898 0
1 1 0 0 610.111 0
1 1 0 0 52 0
1 1 0 0 385.75 0
1 1 0 0 328.167 0
1 1 0 0 52 0
1 3 0 0 632.929 0
1 2 0 0 169.8 0
1 3 0 0 1165.4 0
1 1 0 0 177.5 0
1 1 0 0 180.4 0
1 1 0 0 176 0
1 1 0 0 155.5 0
1 6 0 0 1091.52 0
1 1 0 0 52 0
1 1 0 0 929.45 0
1 1 0 0 107.75 0
1 2 0 0 125.5 0
1 5 0 0 142.438 0
1 1 0 0 221.8 0
1 26 0 0 1468.11 0
1 1 0 0 1033.86 0
1 1 0 0 785.933 0
1 1 0 0 509.5 0
1 1 0 0 80.2 1
1 3 0 0 880.179 0
1 1 0 0 1281.07 0
1 8 0 0 100.706 0
1 1 0 0 52 0
1 1 0.545098 10000 46.3429 1
1 3 0 0 520 0
1 2 0 0 647.267 0
1 5 0 0 941.132 0
1 2 0 0 725.176 0
1 5 0 0 1130.67 0
1 2 0 0 258.444 0
1 1 0 0 119 0
1 6 0 0 274.25 0
1 1 0 0 176 0
1 1 0 0 192.333 0
1 1 0 0 1200.69 1
1 3 0 0 926.322 0
1 1 0 0 214 0
1 1 0 0 101.667 0
1 1 0 0 471.5 0
1 3 0 0 41 0
1 5 0 0 651.406 0
1 1 0 0 158.75 0
1 1 0 0 1138 0
1 1 0 0 273.25 0
29 1030 97.3528 293.861 47.6747 1
1 2 0 0 221.222 0
1 1 0 0 365.2 0
1 2 0 0 1135.69 0
1 1 0 0 52 0
1 4 0 0 522.191 0
1 9 0 0 1128.47 0
1 9 0 0 523.111 0
1 1 0 0 281 0
1 8 0 0 329.5 0
1 1 0 0 1500 0
1 8 0 0 1179.44 0
1 1 0 0 1408.36 0
1 204 0 0 138.72 0
1 1 0 0 567.9 0
1 1 0 0 215.667 0
1 1 0 0 290.75 0
1 2 0 0 787.774 0
1 1 0 0 52 0
1 1 0 0 945.133 0
1 3 0 0 40 0
1 1 0 0 776 0
1 1 0 0 52 0
1 1 0 0 52 0
1 1 0 0 184 0
1 1 0 0 656.455 0
1 1 0 0 508.273 0
1 4 0 0 824.174 0
1 1 0 0 578.556 0
1 1 0 0 52 0
1 12 0 0 550.353 0
1 4 0 0 607.898 0
1 1 0 0 610.111 0
1 1 0 0 52 0
1 1 0 0 385.75 0
1 1 0 0 328.167 0
1 1 0 0 52 0
1 3 0 0 632.929 0
1 2 0 0 169.8 0
1 3 0 0 1165.4 0
1 1 0 0 177.5 0
1 1 0 0 180.4 0
1 1 0 0 176 0
1 1 0 0 155.5 0
1 6 0 0 1091.52 0
1 1 0 0 52 0
1 1 0 0 929.45 0
1 1 0 0 107.75 0
1 2 0 0 125.5 0
1 5 0 0 142.438 0
1 1 0 0 221.8 0
1 26 0 0 1468.11 0
1 1 0 0 1033.86 0
1 1 0 0 785.933 0
1 1 0 0 509.5 0
1 1 0 0 80.2 1
1 3 0 0 880.179 0
1 1 0 0 1281.07 0
1 8 0 0 100.706 0
1 1 0 0 52 0
